1 184 0 1
1 30 2 0
1 116 2 0
1 133 0 1
0 184 2 0
0 57 2 0
0 111 2 0
1 98 0 0
1 138 0 0
1 265 0 1
1 135 0 1
0 217 2 0
1 245 0 1
1 95 0 0
0 236 2 0
0 226 1 0
0 145 2 0
0 194 2 0
0 103 2 0
0 101 2 0
0 105 2 0
0 187 2 0
0 30 2 0
0 117 2 0
0 244 2 0
0 30 2 0
0 59 0 0
0 78 2 0
1 139 2 0
1 193 2 0
1 30 0 0
1 214 1 1
1 235 0 0
1 137 0 1
1 123 0 1
1 75 0 1
1 185 0 1
1 30 0 0
1 91 2 0
1 138 0 1
1 205 0 1
0 47 2 0
0 80 2 0
0 105 2 0
0 246 2 0
0 30 2 0
0 103 0 0
0 58 2 0
1 141 0 0
1 89 2 0
0 92 1 0
1 210 0 1
1 210 0 1
1 155 0 1
1 100 0 0
0 253 0 1
0 42 2 1
1 174 0 1
1 81 0 1
1 269 0 1
1 240 2 1
1 245 0 1
1 300 0 0
1 230 0 1
1 78 0 1
1 42 0 1
0 258 1 1
0 207 0 1
1 188 2 0
0 30 0 1
1 230 0 1
1 235 0 1
1 30 0 0
1 211 0 1
1 210 0 1
1 155 0 1
1 130 1 0
1 215 0 1
1 260 0 1
0 184 0 0
0 60 2 1
0 79 1 0
1 247 0 1
